MSE: 0.0153125
Var: 3.48068
R^2: 0.995601
Learned noise σ²: 0.00724035
length sacle: [[1.1713398  1.2590647  1.2241535  1.2695881  1.176586   1.1554053
  1.3033736  1.1599728  1.2027028  0.88948995 1.1996386  1.2519684
  1.2370425  0.9508408  1.2040972  1.2057862  1.21817    0.92129004
  0.9722326  0.699747   0.87601084 1.2694674  1.2401824  1.1387112
  1.1356882  1.1904858  1.0236833  0.6855549  1.1519641  1.2122546
  1.1479771  1.2090843  1.2433343  1.1410061  0.77028054 1.1988624
  1.0272698  0.89597857 0.9991249  1.1586571  1.2758677  1.2310457
  0.70587915 0.9689569  1.1524371  1.1532973  1.1760032  1.1177697
  1.2674834  0.6421715  1.1436017  0.8623865  1.159793   1.0747132
  1.2275918  1.1076585  0.7446704  1.2285748  1.2012163  1.2070552
  1.281622   1.226076   1.0329494  0.7012015 ]]